1000 9882
632 465
720 286
518 97
263 638
985 654
233 657
881 365
13 760
711 481
130 820
316 390
942 847
228 355
691 589
565 172
198 591
290 922
373 731
563 391
194 318
730 156
397 379
109 177
118 129
104 463
491 497
89 516
476 587
80 584
189 106
635 390
818 858
32 811
1 860
218 714
540 179
979 405
942 267
869 809
247 581
840 845
412 574
749 259
531 432
718 882
874 596
66 697
838 59
785 205
879 805
678 400
580 646
671 745
429 238
361 712
642 481
165 692
961 573
996 928
642 400
277 187
964 494
178 370
275 123
217 834
987 237
866 810
978 107
214 729
505 971
453 427
92 253
223 773
885 424
817 184
802 844
823 998
962 518
500 761
432 873
984 774
362 742
772 795
133 719
741 442
561 780
993 114
34 750
521 622
447 176
143 139
570 165
879 157
425 402
609 866
7 129
238 254
582 983
881 436
750 21
381 654
723 124
935 189
730 193
658 354
125 649
971 233
682 108
557 796
523 660
835 390
319 569
178 959
558 682
498 652
374 27
342 997
117 299
485 995
240 938
402 473
938 679
903 699
279 125
264 394
966 217
970 20
572 288
476 333
847 366
173 299
301 374
487 79
734 212
240 648
253 910
587 317
789 402
915 664
297 608
780 123
563 893
895 432
992 241
610 288
774 601
97 467
35 773
580 271
269 587
474 751
236 898
849 425
900 819
850 130
553 63
92 193
20 806
977 269
760 107
616 283
194 529
12 386
620 687
513 227
346 340
955 306
828 572
760 986
525 636
971 760
590 98
186 364
996 285
854 663
567 374
147 379
169 727
189 524
100 441
228 118
926 243
985 597
570 185
782 59
7 556
58 26
550 171
716 370
954 587
976 15
117 971
834 997
835 741
697 737
749 246
271 248
293 272
705 880
819 786
513 195
796 472
963 569
566 758
625 10
551 358
826 867
352 914
448 485
937 21
279 889
255 288
790 533
918 602
946 673
32 851
418 162
250 149
791 949
540 251
524 720
364 367
978 751
444 24
568 611
365 851
131 807
153 227
709 510
770 146
913 634
984 61
182 257
310 458
249 676
124 528
470 524
732 215
714 874
699 6
457 919
774 468
712 923
541 43
498 332
632 342
592 576
439 545
461 41
137 755
71 792
712 121
731 183
931 473
492 641
223 627
704 717
523 131
841 548
788 37
203 975
100 93
172 962
156 479
414 899
560 491
615 757
195 752
228 73
894 946
402 970
702 193
825 191
929 955
22 722
333 563
227 48
889 78
230 849
47 773
929 788
454 777
859 185
592 170
666 929
26 512
8 11
725 386
230 800
798 598
948 359
566 722
861 706
74 308
820 345
804 614
587 126
112 94
900 401
356 857
359 795
236 503
758 20
616 621
583 155
400 2
623 874
37 371
666 357
443 932
120 791
482 898
533 755
1 386
649 985
361 659
331 747
154 160
235 343
572 974
535 186
349 451
379 768
992 161
289 632
686 173
745 407
230 217
381 67
509 14
167 712
484 348
327 774
531 866
699 147
573 694
613 505
452 257
94 934
534 707
152 125
576 447
802 11
416 434
569 748
695 372
938 475
923 386
929 244
419 694
612 261
481 781
241 141
973 340
132 308
117 786
708 903
531 902
324 904
258 322
419 916
904 308
924 175
392 104
428 862
431 457
587 687
661 632
848 145
485 654
668 164
269 465
657 957
714 550
566 527
707 283
663 348
152 983
156 999
360 602
916 921
190 642
411 211
305 628
89 301
291 553
143 520
316 108
924 275
528 588
731 795
202 71
295 998
584 733
248 505
932 181
382 836
3 155
292 176
931 887
552 96
701 833
978 326
425 606
196 287
550 558
534 163
990 417
295 597
978 473
617 559
784 162
550 779
637 677
34 304
715 843
353 526
500 843
964 58
289 870
402 575
6 197
82 343
803 470
15 697
452 357
219 18
383 783
976 887
684 502
764 782
780 619
508 76
401 32
38 581
938 447
597 153
512 120
401 543
919 821
760 524
782 503
623 155
290 733
517 778
39 506
775 454
450 919
323 415
245 991
787 12
17 398
406 586
851 917
66 167
599 371
985 395
520 256
169 182
385 913
173 870
706 262
495 124
616 376
374 24
364 102
240 92
188 468
761 398
579 541
529 496
210 508
398 939
537 797
184 627
493 535
472 302
347 70
792 993
443 895
634 102
139 614
545 767
69 233
788 889
914 460
678 445
221 62
313 287
478 407
313 832
174 108
729 507
988 320
76 906
38 139
33 985
486 29
69 11
785 458
236 620
883 475
940 882
408 355
463 263
780 203
620 906
367 347
748 28
464 127
978 778
28 919
529 606
127 635
954 165
496 320
665 46
447 352
781 196
897 67
292 659
205 430
579 353
370 982
664 225
77 116
570 223
640 154
309 97
95 653
868 976
137 432
854 263
113 817
185 412
95 737
180 97
535 809
259 626
167 165
170 91
27 510
239 250
691 535
51 500
821 152
380 376
535 926
351 41
765 523
434 423
513 584
988 628
436 297
95 20
521 69
133 375
911 824
878 709
222 425
892 481
964 918
895 898
278 28
39 546
978 970
64 488
736 760
143 576
41 138
27 939
544 255
529 109
745 249
1 564
727 939
139 386
305 926
71 627
457 43
187 414
560 660
852 420
785 293
895 454
383 306
757 481
558 242
797 842
445 773
478 685
997 643
673 98
1 240
385 81
538 905
978 48
64 528
660 420
889 612
139 343
926 419
985 869
582 449
107 995
112 955
703 727
462 323
210 938
693 461
930 428
162 135
751 187
592 720
225 749
726 399
854 688
447 122
107 769
241 279
407 457
315 988
856 788
121 925
927 573
967 512
750 912
371 549
65 914
700 780
815 557
906 459
161 272
90 374
806 352
807 953
352 849
186 837
1000 369
380 499
422 232
481 684
299 639
14 190
622 891
473 768
593 535
188 301
189 68
190 743
415 518
12 331
944 866
800 262
100 828
465 956
700 295
131 100
714 381
465 914
733 143
211 242
503 650
239 672
274 612
909 190
141 276
35 273
862 358
904 514
46 115
983 662
657 318
842 242
572 975
993 102
461 648
483 976
242 647
770 486
241 870
367 290
991 804
722 125
146 819
983 843
202 631
647 517
500 880
12 500
162 457
56 700
793 217
673 563
932 667
453 727
384 994
258 967
189 849
209 115
941 322
285 446
358 604
786 645
956 687
368 988
763 248
573 919
640 125
824 415
474 24
579 87
172 935
85 386
86 933
488 468
273 760
788 169
385 746
649 357
337 753
990 558
682 231
42 70
152 570
748 612
490 884
513 519
385 948
796 402
47 792
29 509
739 200
815 964
373 842
193 252
981 11
105 792
951 935
795 219
333 824
433 446
344 239
622 646
880 481
219 633
582 517
278 294
625 307
535 394
574 500
439 513
745 822
173 453
770 825
292 85
886 469
790 504
743 372
799 422
267 273
144 886
423 996
607 389
684 614
283 555
729 527
555 979
222 588
23 933
689 137
600 284
966 703
606 726
383 603
721 632
461 829
525 372
528 152
713 236
931 37
439 842
337 128
390 394
802 842
369 362
864 255
832 605
825 897
185 165
21 279
245 93
754 703
765 34
136 703
507 286
807 317
534 607
940 354
778 5
925 210
447 178
983 476
995 434
69 993
156 586
180 398
700 837
955 569
557 632
389 134
797 9
618 614
857 294
858 9
722 712
255 391
639 801
416 923
347 693
99 52
62 136
869 536
375 323
341 479
179 492
808 540
27 160
340 153
164 463
804 440
23 404
28 270
856 439
840 796
251 447
344 203
911 709
843 147
875 75
836 940
835 823
911 618
571 525
946 870
520 861
98 441
891 636
841 263
495 578
460 903
598 613
413 715
843 116
783 733
730 152
27 669
534 76
884 897
996 731
328 27
310 415
349 699
222 699
721 210
933 519
484 390
966 554
127 634
461 946
256 391
134 455
604 38
825 695
54 3
258 540
615 358
716 575
703 109
257 348
688 216
634 876
159 605
876 993
738 926
557 442
912 18
427 157
584 488
845 45
938 291
782 464
142 819
859 303
75 380
298 21
961 371
575 408
89 168
200 719
476 888
422 114
298 164
192 687
264 108
393 328
881 646
783 95
594 822
658 657
227 103
834 133
249 419
393 344
105 839
532 588
458 177
331 133
244 738
66 938
914 252
758 415
886 192
689 644
448 600
359 320
291 495
965 864
87 934
314 562
871 378
487 109
605 266
533 733
735 667
679 325
975 168
965 136
260 707
429 52
747 57
657 337
932 93
457 187
98 703
906 624
961 763
818 164
656 23
898 204
96 68
779 339
50 909
344 658
163 246
951 113
475 184
957 960
542 950
11 878
67 338
818 390
803 38
931 253
258 625
498 330
194 627
585 354
859 847
16 547
572 616
404 458
261 463
946 401
600 865
454 167
346 217
509 827
573 882
703 807
81 92
621 602
300 502
660 106
283 86
703 948
550 23
66 347
727 18
124 69
363 775
313 242
392 255
748 754
160 139
644 437
312 54
938 150
21 914
915 563
906 456
891 154
378 315
472 828
650 227
826 547
78 716
597 356
526 800
201 595
612 623
42 133
593 587
282 948
869 592
526 211
592 315
340 310
151 154
227 272
265 563
123 707
127 267
473 944
101 940
339 795
925 992
32 881
732 706
235 922
877 487
348 731
847 691
464 204
460 745
356 810
359 501
236 256
827 943
994 180
465 546
407 835
804 469
92 327
939 669
718 567
488 194
758 820
61 476
923 481
624 964
571 275
21 301
334 431
961 711
432 403
231 797
16 210
733 123
2 925
520 706
798 425
930 66
159 209
370 466
902 379
327 768
384 116
93 766
57 470
993 944
977 331
907 96
593 132
690 211
51 883
215 60
932 900
223 593
785 237
323 135
52 335
548 628
553 806
42 293
924 907
377 978
369 86
638 660
6 283
65 893
262 689
700 408
375 88
602 140
130 819
20 387
886 588
546 79
489 862
844 80
494 425
612 244
939 364
448 257
783 151
865 688
192 774
526 175
565 331
550 17
346 531
188 306
961 246
190 640
990 364
142 295
117 453
562 338
680 84
303 848
936 419
420 28
921 529
323 260
191 911
839 787
899 70
884 648
709 291
107 465
988 382
296 800
124 884
126 150
794 82
524 79
852 332
729 703
333 739
291 500
109 455
978 102
172 433
451 250
452 65
831 583
542 910
567 73
536 291
205 392
388 632
704 617
408 86
817 270
358 750
162 663
533 58
439 619
251 679
435 665
128 452
590 180
494 9
479 991
525 823
331 96
878 243
146 728
99 712
305 622
48 698
730 938
626 293
53 135
848 81
612 394
372 835
998 651
105 584
217 902
26 676
333 616
411 994
694 547
38 7
132 72
635 89
670 456
730 383
364 977
492 30
311 762
903 918
881 124
790 524
937 200
259 468
616 393
431 178
731 968
145 493
408 681
544 213
781 216
430 510
831 752
420 48
573 86
666 296
514 270
614 674
762 713
453 72
486 896
6 880
37 410
872 827
818 129
178 288
315 409
63 751
300 211
693 676
708 764
548 121
202 573
225 372
300 98
379 699
965 336
513 375
439 937
722 71
201 514
870 471
980 627
413 782
231 523
716 167
64 980
682 467
837 679
716 568
842 719
238 460
519 95
559 814
90 207
114 249
867 959
741 44
361 15
7 920
800 594
581 563
241 851
147 90
62 75
86 93
469 75
489 901
789 632
596 666
777 64
299 644
88 881
765 521
434 421
990 886
413 254
83 950
838 698
450 667
415 927
291 645
476 671
187 980
705 919
377 454
969 522
515 754
917 810
226 37
300 732
417 984
87 816
550 424
295 987
853 361
782 815
930 994
382 819
58 589
813 683
207 172
653 2
733 372
554 601
16 578
22 83
562 124
837 182
841 179
399 879
572 37
149 852
150 247
922 84
142 524
267 425
470 656
625 693
828 270
421 928
426 730
408 321
615 86
909 971
453 479
182 183
241 713
628 483
525 440
246 9
928 999
747 503
625 919
8 773
764 807
211 594
638 111
186 412
869 185
565 656
533 127
437 13
76 451
204 264
77 22
495 507
78 273
56 879
418 362
972 773
393 56
985 694
776 117
518 8
96 751
328 414
632 529
461 409
707 449
319 783
378 457
379 112
278 91
329 779
91 932
610 652
590 398
494 291
562 875
344 328
950 534
728 494
142 46
570 557
863 480
846 726
502 24
472 91
327 167
717 539
593 533
321 842
583 591
657 240
341 263
737 578
238 53
174 857
247 637
511 56
167 203
814 297
84 992
875 205
628 515
921 421
683 706
278 122
559 479
377 173
175 486
433 195
879 882
112 398
62 876
176 683
999 53
788 930
899 701
883 484
336 929
742 281
864 574
470 700
469 999
168 347
76 803
573 465
461 791
478 655
746 999
379 754
750 999
698 770
427 792
246 670
563 596
802 804
50 513
750 598
626 736
872 672
612 549
324 311
570 427
203 654
510 542
793 328
261 290
104 857
46 924
673 51
551 790
733 687
256 349
76 374
170 255
479 779
700 169
860 598
972 952
169 957
150 936
199 203
764 401
414 525
91 896
934 324
661 532
762 599
9 917
764 133
450 801
839 313
147 771
665 834
636 129
890 499
639 668
485 745
839 462
805 330
660 579
19 317
956 746
919 470
336 418
69 591
621 18
491 501
843 24
937 211
497 322
778 901
193 780
624 982
913 834
161 909
550 97
847 737
135 741
173 434
469 193
729 194
202 956
790 323
350 346
888 605
406 88
64 111
818 952
456 713
629 47
645 597
916 512
90 589
996 850
499 346
634 291
432 289
196 282
754 968
560 557
431 94
489 161
453 262
591 32
477 384
881 865
138 366
366 904
438 21
918 803
371 50
962 659
245 533
854 941
237 613
831 471
393 773
746 253
565 679
675 187
479 585
580 100
674 481
33 495
380 2
552 989
721 58
115 343
189 740
78 112
510 788
426 121
691 911
470 102
561 627
285 851
547 544
109 111
570 899
19 123
777 43
483 70
194 495
804 884
215 519
364 835
535 996
921 944
434 174
812 987
268 569
820 510
753 53
153 719
207 516
653 682
800 98
766 781
69 547
967 14
936 354
610 777
574 180
957 20
795 185
524 601
249 231
395 535
677 181
61 176
616 537
635 279
93 351
899 20
828 150
904 766
549 220
572 147
725 378
775 526
10 644
941 179
796 602
672 616
893 730
620 886
845 599
297 757
797 788
232 554
799 186
968 382
900 306
580 299
121 586
449 149
107 619
771 554
918 975
558 294
872 617
814 652
232 456
984 887
314 178
977 402
315 727
64 981
319 167
565 699
270 601
808 204
971 764
890 772
335 649
980 850
513 897
55 542
756 697
975 985
707 87
584 490
608 496
972 881
138 809
13 683
397 588
536 252
151 573
88 707
302 58
570 935
585 897
227 24
66 134
13 909
855 906
125 681
271 373
365 378
702 11
988 429
868 279
672 234
748 829
161 619
365 267
991 107
459 842
596 633
155 117
929 622
89 505
113 451
574 336
418 616
843 177
386 978
575 590
174 941
443 75
922 947
117 45
944 935
412 913
14 581
880 777
93 212
330 294
559 445
267 347
782 590
987 712
405 441
614 425
289 592
508 604
25 78
898 381
210 197
284 400
874 108
968 489
606 575
690 586
693 601
984 851
363 617
462 981
733 936
916 248
419 416
224 728
833 814
119 521
724 669
798 252
882 309
691 809
584 439
432 900
181 23
590 237
39 89
719 523
920 664
229 827
581 534
214 193
142 866
129 533
403 114
703 7
299 453
651 680
730 99
455 190
937 587
243 736
153 851
930 464
915 124
406 625
133 199
543 908
814 947
530 349
71 127
787 182
554 87
352 963
597 211
502 25
434 217
198 262
881 128
937 246
886 179
134 834
654 53
195 816
217 264
878 599
112 82
790 565
256 988
848 614
353 344
61 135
778 881
639 430
822 858
844 754
386 950
577 425
960 479
671 611
925 879
179 885
377 172
804 471
443 643
867 561
282 409
727 825
563 776
486 73
326 934
366 659
93 937
990 457
866 747
680 595
745 522
282 264
241 795
202 739
186 236
277 19
614 292
673 726
2 415
880 610
193 17
721 674
812 255
953 439
354 956
816 73
923 815
730 515
582 544
987 144
881 949
197 975
58 132
439 939
557 222
134 49
427 57
357 392
214 259
565 558
470 889
845 163
994 895
224 595
741 18
909 104
858 286
151 647
190 251
726 281
928 448
823 605
510 840
259 574
761 954
6 281
427 372
756 270
518 388
668 305
136 130
780 962
3 75
237 486
852 581
635 191
672 163
145 229
304 834
265 732
965 627
880 405
888 896
406 383
423 695
999 916
412 644
160 341
752 223
256 952
297 220
151 41
146 575
49 611
801 732
625 304
201 577
352 700
631 766
780 366
542 860
585 898
801 845
489 335
642 331
883 677
334 423
524 875
322 859
642 506
454 324
330 382
760 263
373 316
652 463
875 886
388 1000
880 928
310 263
538 42
11 870
46 944
305 133
159 38
438 123
295 550
973 132
818 509
771 561
944 427
907 49
727 400
305 359
517 690
183 322
594 39
524 318
436 878
47 727
612 711
461 237
210 431
708 178
690 997
195 1
17 801
186 708
647 465
926 152
52 301
163 716
789 640
4 712
261 39
350 289
543 657
414 991
327 298
700 832
975 984
60 743
886 575
171 198
869 291
872 89
730 91
790 945
475 588
277 452
80 380
333 614
299 666
356 473
235 536
913 856
753 91
476 774
994 327
87 168
730 381
307 36
311 756
460 510
833 124
122 237
675 881
326 403
843 480
826 827
778 252
761 402
448 13
450 599
865 444
937 95
782 498
74 42
202 103
316 352
978 516
979 293
304 475
19 841
654 271
897 618
34 874
610 475
667 128
602 887
913 768
533 567
93 96
499 313
542 703
818 191
927 483
89 969
435 757
815 622
27 527
799 165
382 465
129 467
991 889
813 9
134 465
84 571
620 533
159 171
510 373
202 906
404 66
41 975
633 486
926 331
306 860
485 138
90 858
987 216
751 163
759 628
941 647
500 585
907 315
290 283
43 49
405 570
980 962
821 450
677 532
170 180
280 396
281 885
68 555
821 115
414 571
220 803
458 587
765 662
514 992
416 75
844 11
673 405
326 255
751 724
817 636
960 679
229 730
929 764
531 971
200 976
735 192
826 876
507 601
900 442
683 570
278 370
815 73
709 566
680 836
74 511
758 13
875 227
490 271
753 643
41 799
978 744
779 537
46 232
657 453
89 523
552 173
986 817
280 624
117 221
373 323
733 238
865 43
923 439
853 570
31 146
438 176
594 826
520 553
145 202
6 78
228 588
908 432
158 787
250 720
822 298
20 848
883 296
314 117
29 542
671 83
193 944
998 210
833 956
318 548
893 944
586 520
907 470
257 385
893 33
877 604
489 299
163 934
342 972
78 279
670 59
564 602
655 909
233 814
565 560
346 515
55 637
431 196
449 326
11 507
955 672
25 683
262 712
302 869
111 427
62 101
962 15
468 708
677 520
274 13
536 840
332 283
959 846
999 653
568 89
836 390
736 971
977 710
942 535
584 963
677 362
880 362
735 36
574 226
574 746
482 202
139 887
800 171
832 272
472 460
236 93
371 963
368 173
41 89
297 231
485 999
658 216
52 639
554 793
496 321
795 17
448 228
508 812
474 876
395 891
734 44
245 507
887 572
457 203
663 399
996 952
715 493
473 970
168 257
22 492
587 867
289 627
966 343
854 788
102 666
267 36
766 480
694 333
418 968
935 621
883 260
657 81
715 819
375 529
710 618
366 204
263 342
910 951
507 374
343 228
626 960
320 787
798 104
871 663
972 811
574 755
878 69
186 515
208 983
617 317
892 97
711 479
33 156
83 786
154 38
726 248
748 608
791 564
422 185
316 916
43 692
575 147
265 370
564 114
801 256
517 68
631 42
444 361
789 651
123 371
929 676
269 187
805 473
460 554
27 73
97 781
687 74
669 165
528 577
67 834
361 545
483 128
408 622
766 723
89 579
803 547
260 646
839 562
555 983
795 310
282 365
232 560
231 770
548 64
3 257
789 346
387 938
120 133
263 7
249 615
654 876
551 752
625 972
42 960
902 346
630 767
37 807
333 80
157 290
552 560
702 582
43 327
284 683
730 663
103 699
825 889
280 258
981 518
786 628
536 115
294 295
707 703
741 134
501 673
651 866
781 815
562 230
165 474
258 369
961 363
429 413
530 384
682 199
43 771
122 776
268 932
350 248
759 68
781 610
786 56
700 534
278 484
283 94
446 702
840 945
378 80
87 696
662 606
648 56
246 91
122 93
467 586
941 349
423 597
939 760
390 780
950 817
593 893
16 480
572 173
386 238
867 507
348 165
69 101
641 620
554 755
931 999
70 337
515 228
55 39
388 422
24 649
41 621
850 237
210 76
698 841
1 239
590 731
920 451
279 684
671 126
140 758
516 873
243 93
29 682
708 418
314 176
461 63
392 538
390 5
184 719
414 143
287 647
368 905
974 455
498 4
63 172
728 347
502 90
764 158
266 273
552 718
877 665
271 32
897 401
856 940
660 944
627 319
616 44
302 697
929 913
806 377
618 186
427 998
89 221
108 271
694 514
352 825
593 669
811 354
118 933
801 456
346 551
39 584
467 329
268 686
929 620
1 877
274 347
41 124
792 804
93 304
724 308
390 1000
173 504
430 25
586 403
131 924
181 186
329 257
415 476
885 711
865 185
921 383
80 963
942 39
503 963
389 648
728 798
413 604
604 369
54 854
400 841
186 214
719 32
546 566
452 117
913 525
73 376
936 954
776 771
102 660
413 894
570 291
833 185
935 729
295 382
334 224
617 772
210 338
772 842
483 631
584 42
110 314
691 811
30 411
772 616
357 372
712 349
169 582
632 532
725 569
275 465
323 461
218 189
971 329
652 996
744 93
686 928
247 58
964 578
969 888
458 511
901 191
668 350
84 405
636 202
985 454
75 122
900 121
263 528
302 439
782 125
895 988
984 375
541 490
815 255
985 224
108 17
969 485
276 960
443 732
61 133
652 552
480 241
857 990
767 359
435 368
218 864
209 355
654 341
319 391
538 306
442 399
614 617
597 789
294 157
74 242
334 256
942 67
603 841
675 324
303 527
771 825
946 825
22 4
7 379
524 935
893 640
586 248
970 667
898 113
516 515
594 799
315 450
435 861
918 794
131 834
7 25
998 212
871 862
305 48
462 305
465 115
842 691
862 822
427 59
11 312
360 486
712 155
503 246
879 17
403 178
59 532
355 685
337 970
211 849
318 243
662 920
649 287
483 369
998 528
911 187
536 135
912 982
103 965
161 326
851 903
679 60
939 211
796 376
797 209
297 767
230 708
570 716
98 221
946 399
708 609
378 61
431 53
325 978
182 869
402 349
207 466
545 907
196 833
174 530
887 765
9 598
110 593
255 119
678 539
429 854
800 406
842 49
396 658
573 191
447 767
581 340
766 720
966 406
127 696
286 736
67 611
514 190
1 273
20 555
700 149
480 48
612 162
36 317
480 431
23 529
504 293
968 499
291 329
242 681
168 540
98 837
318 530
727 402
454 184
379 512
902 490
44 6
617 988
746 248
765 76
840 125
870 730
755 74
426 322
195 3
198 998
823 669
517 594
241 321
613 249
855 44
995 481
174 715
96 571
851 15
426 100
688 287
617 143
378 413
328 74
214 15
859 198
682 759
57 192
683 20
920 834
762 898
602 108
285 848
610 691
237 896
997 461
928 204
38 59
496 206
982 482
677 336
677 251
41 502
596 608
455 311
995 962
762 955
563 134
607 896
251 434
894 270
656 268
757 909
863 219
204 580
300 651
248 428
635 296
835 826
378 819
514 497
17 175
663 208
776 300
944 958
139 412
526 344
457 649
469 713
628 582
407 647
945 292
305 965
32 667
624 229
951 330
206 309
997 536
282 479
763 682
768 618
324 338
974 776
357 416
119 973
650 725
29 568
309 728
628 58
719 877
613 426
595 179
614 125
780 512
215 130
271 668
612 534
580 52
266 60
216 895
747 557
566 99
216 726
855 917
155 925
19 696
798 929
27 878
806 412
833 530
838 781
57 220
111 401
494 267
827 928
635 795
85 275
479 98
618 982
217 23
694 515
57 958
331 43
39 762
743 870
763 44
435 121
56 258
535 634
867 90
170 758
282 972
545 962
297 484
880 479
865 621
238 729
386 830
773 690
139 730
141 8
803 533
518 910
278 227
795 55
11 90
178 15
382 823
794 791
425 766
54 215
134 284
396 41
491 744
149 751
753 325
923 280
628 713
774 685
797 836
580 596
980 334
448 983
289 597
495 835
747 346
236 989
920 288
172 117
64 534
176 112
441 364
855 257
140 618
827 288
719 758
632 200
967 728
203 631
157 720
928 584
492 527
589 183
106 232
594 271
375 194
786 957
270 346
868 65
496 979
319 779
656 773
532 152
381 734
754 88
826 445
384 600
388 112
29 354
750 212
350 806
540 786
943 343
873 589
397 335
382 663
644 208
648 147
578 76
639 629
416 823
329 506
611 492
558 741
190 745
939 371
233 235
645 347
297 229
69 393
42 806
198 39
194 688
923 198
946 93
175 381
900 702
459 550
596 237
562 903
378 730
240 727
636 244
500 41
504 44
158 595
608 674
754 928
439 94
315 84
297 673
245 283
129 488
607 589
349 333
68 139
201 302
76 686
385 183
11 736
319 282
174 507
802 800
620 607
806 792
418 57
150 608
546 317
582 551
685 97
897 141
591 287
584 71
677 918
825 867
204 901
9 302
263 481
142 722
82 543
673 128
252 403
159 673
110 49
459 203
388 197
190 73
119 189
1000 437
251 109
967 883
825 174
919 524
811 284
299 704
584 914
624 687
458 355
97 545
518 677
481 706
448 437
401 1
99 252
762 932
601 98
514 635
274 672
544 815
475 935
136 705
469 579
861 961
738 12
471 473
128 704
899 77
3 128
689 929
541 640
593 927
508 8
558 189
761 55
547 428
875 971
50 395
55 221
936 853
844 838
210 102
250 679
16 819
662 222
884 986
558 415
228 518
121 434
695 2
625 962
812 222
604 88
662 312
443 498
279 872
238 309
475 901
607 980
916 41
944 995
281 636
745 39
798 59
203 575
792 112
223 432
333 432
564 540
232 29
548 661
453 983
39 98
868 209
963 918
872 421
531 826
311 930
539 711
649 395
673 29
342 160
935 181
758 858
39 124
143 294
679 176
627 579
721 506
351 67
619 691
606 463
865 727
593 704
256 308
990 355
253 567
485 922
325 949
607 35
147 513
390 883
174 810
122 91
196 934
503 554
108 90
40 202
481 456
467 141
766 531
472 309
588 675
204 724
49 285
585 931
362 364
209 792
164 58
5 790
796 551
527 689
343 516
28 527
149 827
546 673
196 378
36 195
989 163
516 565
439 134
991 981
478 696
106 11
879 660
914 888
115 251
888 57
78 630
440 554
811 621
902 324
82 419
146 900
608 39
661 35
954 31
901 628
525 628
674 430
693 498
293 964
901 645
314 289
8 588
150 667
941 644
506 521
946 897
331 158
12 879
169 616
189 629
617 362
47 523
449 488
412 148
565 970
164 853
556 771
552 432
711 417
91 972
297 752
187 781
260 87
669 941
913 379
420 925
42 171
211 342
373 667
156 951
284 252
820 478
571 976
899 969
208 590
839 35
161 984
550 82
308 665
917 821
147 541
5 711
984 78
783 488
181 664
678 246
4 257
616 633
583 175
416 633
785 574
93 191
974 728
758 179
67 796
395 789
593 457
736 477
838 625
292 107
240 684
775 622
278 962
282 385
980 216
286 585
748 268
610 365
25 417
577 668
390 667
395 243
557 872
234 184
343 270
883 301
614 143
559 634
871 820
429 353
340 972
125 434
607 782
885 616
119 660
196 131
774 238
996 426
531 551
128 18
885 650
579 467
712 240
531 660
293 585
185 80
224 570
36 666
869 390
553 861
530 439
91 955
511 530
517 843
241 106
332 391
5 103
812 633
887 215
691 632
70 535
307 835
900 212
593 366
276 718
703 225
451 72
943 342
880 286
564 750
385 978
152 963
174 640
393 511
394 768
269 148
398 840
520 430
333 781
744 652
209 833
183 611
517 271
300 701
302 358
191 768
52 634
625 264
644 902
795 18
562 315
581 493
339 910
128 741
952 567
40 17
885 103
957 314
886 448
45 800
887 569
672 694
474 794
130 62
24 549
116 331
214 1000
464 828
607 575
410 321
49 7
767 165
182 229
609 79
941 122
245 452
953 586
37 703
132 873
685 3
244 469
594 379
189 693
289 850
767 923
570 453
823 917
699 171
828 525
102 878
983 211
882 450
977 478
405 925
318 342
805 198
17 825
732 320
259 772
646 912
557 363
446 250
696 753
418 395
592 834
42 303
5 185
803 516
753 688
73 807
972 949
885 896
979 303
820 193
531 910
968 596
218 159
810 585
320 419
738 954
804 861
507 183
486 813
682 113
22 758
920 518
406 529
388 484
946 570
104 425
765 972
35 873
436 488
522 681
49 901
888 718
400 297
473 869
56 315
97 913
880 708
406 371
299 993
85 709
655 324
783 435
537 777
293 131
867 226
995 825
532 864
148 797
700 450
112 407
178 468
272 17
36 970
933 324
257 995
793 721
23 220
980 161
748 453
861 226
511 313
581 227
305 40
641 694
127 873
439 189
975 31
27 551
582 215
552 390
220 12
556 438
447 743
728 583
163 180
81 990
665 90
450 440
267 210
769 575
237 608
328 964
519 480
279 875
30 55
162 87
898 579
186 337
774 182
708 190
207 823
200 365
128 474
989 691
920 934
78 338
445 597
176 502
940 350
802 406
731 278
989 804
890 719
621 685
363 709
659 368
199 347
455 237
256 429
534 944
459 246
441 871
464 320
281 782
693 81
821 140
345 195
398 119
660 782
147 949
534 803
204 130
445 168
995 141
434 443
570 767
450 689
469 147
843 938
274 483
442 769
973 547
867 32
668 55
9 662
891 934
412 373
469 260
307 89
382 575
210 878
437 806
813 927
300 758
778 930
395 522
616 542
943 221
2 283
828 147
757 243
689 627
447 839
509 394
115 787
595 377
939 923
132 34
28 602
909 255
716 110
934 658
560 639
141 422
130 153
519 657
580 385
690 321
598 862
837 510
654 732
569 880
954 314
148 373
244 449
263 100
368 25
174 449
732 123
504 516
132 801
59 771
244 269
525 738
360 258
50 706
570 509
771 702
556 184
594 7
409 609
102 822
624 435
660 238
988 819
774 362
741 453
544 911
745 2
289 100
660 93
293 596
720 320
155 927
413 475
74 837
494 158
80 62
377 908
29 235
123 240
30 348
255 919
91 862
518 433
122 209
655 248
126 896
696 903
878 499
446 493
886 910
354 279
891 100
213 80
285 931
497 261
757 544
982 268
568 48
952 847
809 842
645 212
448 48
723 652
887 385
385 740
666 628
773 688
316 189
913 53
607 151
349 163
540 204
783 536
640 794
75 927
432 772
188 214
597 894
374 649
726 594
772 171
414 244
827 777
138 52
486 934
69 70
897 763
770 107
352 70
278 946
64 330
671 825
415 255
645 398
719 45
409 946
818 302
642 612
756 38
684 331
277 107
447 319
304 7
687 7
803 47
888 197
724 555
232 297
358 729
741 360
579 325
512 282
988 791
807 365
369 321
152 409
853 278
781 914
391 571
699 989
259 952
778 452
925 147
194 159
121 933
674 149
18 465
698 287
807 83
518 2
61 621
831 89
747 966
967 905
678 708
660 855
976 484
407 438
446 392
907 918
30 715
237 509
937 479
422 145
748 911
783 184
397 333
550 157
697 319
844 442
665 793
868 304
264 158
32 170
490 570
803 799
643 410
130 763
133 484
616 440
394 912
217 275
365 635
863 140
685 558
539 202
411 383
587 589
994 220
297 372
179 888
272 54
535 495
352 260
444 364
961 958
804 476
491 843
516 488
165 646
920 796
525 102
177 248
896 618
832 919
609 221
349 474
617 570
121 299
15 793
23 526
45 82
999 50
158 883
729 725
489 88
876 604
56 725
509 5
898 346
58 431
875 668
806 798
789 36
295 287
903 92
559 910
963 805
671 192
110 362
438 301
476 45
223 606
190 365
20 180
190 252
217 770
380 218
327 317
826 492
601 932
907 549
531 913
632 698
811 385
373 560
911 90
313 497
152 945
299 706
36 261
715 250
801 179
188 915
175 744
942 918
537 280
283 118
490 542
293 49
558 519
152 847
523 832
50 294
744 311
623 691
44 776
407 926
246 351
140 315
559 683
490 304
643 148
476 355
594 698
430 120
554 798
487 93
719 342
170 881
942 499
391 168
563 875
213 686
658 621
615 585
742 319
852 331
637 715
253 194
112 654
77 404
439 813
137 967
10 351
324 115
387 962
431 850
12 400
366 893
509 117
558 383
247 810
138 74
101 153
628 199
404 393
6 77
744 476
376 576
15 305
785 946
881 549
55 560
115 349
778 13
218 94
503 443
242 104
460 55
464 434
745 212
661 449
263 225
207 895
320 529
851 815
893 440
493 970
132 160
427 942
375 426
279 833
347 653
131 488
503 262
730 326
296 312
723 755
316 811
875 556
84 319
891 953
909 314
145 85
457 331
41 4
300 759
504 938
946 257
766 902
621 129
1 694
878 528
183 682
38 363
900 338
886 111
321 677
269 957
273 314
112 238
420 63
921 502
667 22
649 551
580 861
616 686
466 301
286 704
503 842
452 744
109 719
150 115
211 3
729 450
178 328
988 705
935 834
679 980
370 672
866 829
769 405
396 358
415 26
990 394
847 7
10 928
816 345
447 693
943 528
361 460
694 414
988 127
419 172
595 199
114 738
305 309
489 16
788 92
608 74
59 770
135 550
997 840
266 168
894 448
212 769
647 491
932 628
510 600
572 563
647 419
745 819
210 396
176 260
877 516
860 502
453 824
493 251
609 562
404 284
994 136
605 268
530 574
694 885
308 176
829 978
650 231
579 23
1000 96
290 758
477 25
753 454
262 624
691 542
587 657
180 25
56 39
829 692
377 749
969 977
830 773
721 484
78 875
693 438
89 82
330 876
757 515
369 962
62 319
188 575
87 856
71 183
553 332
554 159
832 277
930 906
60 187
303 680
102 474
472 275
944 605
283 717
586 494
370 885
331 761
514 242
240 573
867 616
174 256
585 191
897 875
304 169
630 976
343 264
326 606
371 67
962 674
106 508
287 833
219 183
516 841
148 917
68 944
505 890
159 283
310 157
82 276
210 481
746 319
162 156
76 506
884 417
43 131
85 516
747 667
623 4
392 77
180 15
495 369
333 374
480 918
447 242
358 907
182 319
593 66
151 750
307 890
346 882
212 627
178 539
181 861
380 405
825 256
576 650
106 32
826 546
799 992
166 3
346 660
256 692
886 794
136 458
799 881
191 556
543 932
303 102
109 851
75 207
757 999
902 686
675 780
640 985
607 101
701 224
518 990
524 543
445 290
732 730
1 766
776 280
409 337
192 79
11 517
448 249
782 786
914 506
364 325
404 604
144 327
978 713
905 709
304 67
288 705
516 489
388 451
758 780
151 342
49 436
529 866
748 370
864 287
934 731
297 678
906 540
331 939
323 674
540 907
914 815
718 473
779 375
236 828
419 356
205 267
777 666
760 62
98 957
429 323
196 82
272 514
400 599
516 813
284 173
462 309
300 432
599 844
430 727
17 450
24 18
379 326
859 976
110 218
366 64
95 514
167 945
388 930
775 310
100 404
450 231
34 998
553 814
716 718
310 923
333 282
928 454
843 725
806 475
544 662
946 726
782 400
890 179
954 521
95 945
169 98
265 484
150 625
86 856
956 626
174 563
48 835
412 508
282 912
340 142
35 760
644 70
792 753
61 52
613 615
942 679
281 425
583 83
730 389
223 723
740 638
541 635
100 669
624 31
936 427
44 664
706 557
46 186
709 666
396 29
490 320
704 54
546 809
379 984
823 311
382 221
236 245
153 161
656 56
279 644
205 717
174 312
870 80
694 290
89 676
6 800
133 776
676 888
971 888
661 12
292 609
186 492
478 908
928 661
654 915
717 293
537 135
707 211
233 856
146 577
902 8
924 624
906 199
247 299
449 656
301 655
51 708
372 171
637 887
943 168
677 745
15 470
360 103
437 352
481 53
383 496
267 533
634 117
686 877
358 802
108 657
644 373
753 496
299 656
859 504
308 354
660 767
674 114
916 609
388 474
869 527
648 612
697 374
293 67
761 555
595 351
356 549
964 932
710 27
863 182
187 561
153 577
425 996
389 577
230 625
984 117
433 465
342 611
240 933
301 408
331 727
375 177
230 704
16 342
363 33
862 5
865 295
477 57
153 867
83 478
16 485
734 195
961 613
710 88
679 983
359 189
656 36
824 966
417 624
930 181
707 627
967 589
430 962
549 392
188 782
421 773
46 658
140 755
953 384
224 128
375 551
915 572
54 24
937 916
809 637
797 672
979 581
158 106
566 501
683 84
55 742
849 209
775 233
447 72
582 765
993 722
815 829
854 285
746 506
711 636
307 586
705 547
853 793
579 22
392 204
214 47
324 955
532 128
327 260
14 246
142 939
398 81
63 367
303 220
704 265
659 108
311 673
20 761
369 880
441 611
981 89
655 408
514 796
677 368
866 299
773 813
596 384
83 559
635 490
653 711
254 563
448 197
826 985
870 754
605 977
677 484
46 131
28 410
66 581
967 265
753 645
633 991
151 476
500 162
176 552
50 784
301 480
672 540
175 443
508 740
382 21
662 955
905 906
916 186
201 165
292 884
44 277
718 591
345 818
328 32
606 663
96 204
724 966
607 779
996 454
79 418
281 287
393 757
238 257
741 406
501 977
162 157
271 877
73 558
829 787
172 806
215 896
322 483
4 767
21 711
725 595
411 535
752 671
949 27
623 116
845 410
251 69
233 562
108 586
639 551
630 707
756 954
298 254
256 518
976 373
481 585
579 784
749 96
531 85
790 738
772 425
795 856
235 887
588 945
138 75
743 535
838 297
110 354
677 229
516 37
511 83
226 193
486 427
545 595
231 336
583 255
931 614
809 70
259 24
409 336
301 968
526 357
340 440
715 284
623 895
2 193
866 896
117 10
154 4
835 903
57 743
948 686
399 986
933 318
228 941
538 209
98 600
409 995
158 742
720 831
936 780
228 622
289 742
698 778
20 882
239 366
870 4
727 389
558 353
889 526
963 243
432 889
457 666
872 95
488 32
987 6
24 130
563 119
691 778
252 56
533 271
368 549
898 668
739 566
132 424
560 419
154 506
542 87
656 982
950 680
842 2
797 59
539 620
491 23
307 160
75 396
728 533
243 882
575 354
30 948
144 515
199 39
420 976
517 78
815 739
395 658
912 632
291 581
459 779
387 54
928 461
299 994
290 669
947 14
792 865
256 277
782 892
416 565
568 526
629 289
649 521
634 73
671 588
908 818
856 195
219 324
718 745
406 195
193 566
887 968
126 199
461 674
353 825
651 510
52 135
179 741
846 367
900 835
991 595
372 242
444 711
67 644
230 240
860 95
953 619
521 815
651 220
727 425
565 574
337 724
185 834
457 549
663 621
704 610
408 95
263 291
964 188
968 183
214 772
879 451
439 610
517 166
103 997
712 188
363 920
953 182
919 985
374 596
414 951
53 29
238 27
208 26
262 763
177 785
643 792
274 173
555 196
973 365
207 889
687 579
854 464
322 161
53 319
700 974
829 686
575 414
317 378
834 4
651 582
764 453
30 513
923 417
143 290
611 330
264 201
490 943
347 828
117 654
152 830
968 375
127 357
490 561
222 75
814 399
468 79
16 312
662 707
253 672
145 373
329 144
421 704
350 318
247 176
102 399
486 814
88 329
429 198
379 999
328 295
738 270
888 351
262 494
231 975
894 149
325 390
642 72
236 615
379 677
932 257
77 438
629 889
372 214
23 259
926 291
324 81
802 799
370 275
722 60
961 70
323 923
461 57
65 752
502 102
120 389
671 154
105 215
649 251
497 877
790 590
25 950
29 966
638 858
101 144
733 638
534 625
149 164
708 812
309 280
267 558
622 302
164 962
290 645
698 262
633 385
725 559
962 729
194 41
13 675
109 442
204 82
811 442
479 216
962 34
288 29
307 875
471 548
114 291
96 826
865 581
464 702
437 768
5 289
799 927
194 378
947 936
288 251
491 292
878 720
459 834
246 806
446 604
31 694
778 928
718 916
256 968
61 123
689 690
181 350
53 594
446 559
244 611
748 219
17 253
951 534
933 39
184 538
314 585
409 379
671 631
193 476
652 570
306 213
435 395
454 485
40 57
793 541
973 951
692 545
700 116
701 813
353 903
429 42
897 760
664 669
365 984
614 417
427 521
641 755
81 910
457 899
956 419
543 367
391 567
95 436
612 928
78 124
410 698
475 80
635 766
229 65
980 783
341 519
881 530
259 812
77 13
719 610
320 782
899 29
882 188
759 710
967 707
542 120
780 709
983 414
90 91
78 568
405 712
892 84
674 771
531 886
824 236
554 317
661 519
755 468
173 897
134 393
13 600
217 965
290 907
808 604
317 418
963 624
373 891
786 122
606 395
418 447
57 590
776 60
668 122
711 52
18 803
457 257
154 355
482 180
434 51
588 656
862 51
701 111
424 229
601 299
767 498
457 99
899 84
667 208
120 803
250 426
468 357
657 574
753 561
58 729
865 223
940 527
482 521
619 72
31 238
956 353
242 209
372 104
324 139
937 822
20 652
277 27
499 103
797 980
559 693
943 714
909 998
586 885
258 696
522 477
262 208
374 616
600 553
533 187
292 591
9 91
674 355
203 697
996 330
232 151
802 31
822 218
38 597
817 506
416 317
402 768
189 584
791 307
501 726
255 987
612 408
749 212
933 554
165 432
592 100
510 963
721 256
856 537
782 257
967 255
679 139
591 975
61 848
388 480
883 392
912 746
616 988
331 246
848 796
98 215
995 95
777 272
942 570
869 634
374 8
636 859
179 10
491 492
511 993
717 566
169 96
795 212
423 687
523 837
799 740
269 5
972 452
925 297
62 580
264 411
231 375
268 451
629 288
956 944
938 583
51 324
504 879
197 436
809 306
406 192
232 793
139 455
158 545
106 894
309 955
149 802
389 529
279 419
157 759
710 909
645 186
651 497
31 83
953 761
241 831
276 266
581 666
395 396
343 306
806 942
555 746
388 723
903 44
483 727
716 164
178 833
556 208
525 587
824 616
20 829
366 243
497 832
224 664
741 429
712 189
604 891
733 537
479 286
445 593
103 769
346 22
755 366
68 575
716 323
972 981
204 47
406 983
981 865
599 150
60 622
721 364
226 834
703 212
144 721
299 547
602 392
288 208
201 529
364 971
558 695
763 247
911 857
772 824
203 348
460 581
762 965
174 815
941 368
749 354
712 892
109 938
843 719
620 58
966 202
217 505
936 393
330 184
582 610
200 764
301 361
672 643
89 567
110 907
903 588
481 173
965 915
412 821
288 779
456 381
904 895
41 965
885 204
959 369
870 784
585 128
713 91
791 952
75 674
1000 280
742 478
541 897
859 606
730 651
556 406
6 883
689 51
104 621
766 35
270 772
343 470
851 291
513 254
384 54
863 981
33 273
930 1
345 615
897 200
807 325
510 607
441 52
668 653
45 458
410 889
440 508
445 629
565 932
879 196
811 44
705 545
760 564
194 38
17 551
109 522
401 384
518 437
441 647
668 450
155 689
568 214
308 465
460 308
613 842
228 296
1000 257
266 282
179 420
623 927
311 675
296 392
887 492
435 127
53 564
924 393
105 989
469 292
644 24
26 43
919 134
579 741
728 169
412 708
452 553
201 879
90 35
420 207
791 968
244 907
887 675
467 172
692 947
783 612
363 15
515 922
386 90
888 670
852 57
128 653
803 571
793 653
101 736
227 957
163 389
572 63
295 640
903 449
49 30
604 328
713 860
774 566
210 43
854 768
836 779
940 750
306 534
715 958
466 848
528 219
31 440
248 230
129 160
205 501
333 128
592 573
24 57
388 570
119 512
440 253
932 619
829 637
918 400
67 666
963 55
836 463
697 135
137 472
963 964
858 178
566 355
695 517
823 624
631 395
281 857
981 680
470 423
18 348
644 440
347 552
422 58
316 537
895 748
123 1
569 159
952 17
91 559
240 291
494 408
212 713
138 724
639 738
485 763
651 265
778 516
998 939
765 916
839 109
734 349
844 261
494 762
173 563
880 497
922 762
75 283
559 131
457 975
414 433
875 310
657 127
714 888
880 64
735 962
757 774
58 631
987 702
201 101
827 809
240 717
933 491
685 459
408 393
575 843
432 319
854 164
662 69
629 30
685 348
23 917
102 182
803 145
85 942
116 118
787 237
512 557
417 431
237 742
864 112
974 245
153 405
63 958
339 446
124 696
401 883
992 404
885 599
686 408
509 867
98 858
703 767
595 990
35 710
162 191
788 95
294 416
798 80
539 832
955 599
88 614
158 322
52 193
634 933
386 868
293 761
459 193
649 401
618 630
234 895
695 670
617 438
360 937
895 667
911 934
878 431
331 24
795 905
709 835
658 387
252 766
386 734
475 67
891 913
359 735
218 557
194 908
942 682
246 119
709 613
485 532
204 607
174 899
156 666
486 689
2 554
165 836
519 885
463 99
726 886
148 649
790 200
577 317
154 102
616 709
675 664
510 21
614 415
830 680
600 377
193 677
684 599
310 284
844 892
68 831
390 356
136 771
28 785
435 785
720 797
810 975
832 651
742 386
67 646
84 552
456 143
573 636
885 442
872 631
998 235
67 279
324 398
915 549
217 492
65 746
85 743
86 640
638 941
766 230
695 318
238 428
738 799
760 827
959 357
462 647
379 359
881 729
821 723
355 718
907 359
926 162
297 324
345 292
364 512
128 334
367 895
760 537
66 406
566 299
130 891
96 673
5 41
208 939
65 854
191 306
503 252
531 945
972 37
593 280
904 221
388 54
561 762
907 978
87 153
910 471
380 133
147 809
722 847
429 751
212 257
838 597
142 236
53 479
922 528
528 903
731 596
554 167
901 331
226 20
178 147
143 627
425 552
889 317
892 688
1 571
239 895
365 720
654 276
633 72
765 278
371 476
301 505
35 213
470 114
75 724
496 623
851 87
999 152
93 1000
644 520
794 445
512 614
819 610
270 922
276 303
280 938
894 225
817 69
304 16
395 427
968 503
440 560
422 960
317 261
499 207
603 709
896 227
315 737
836 69
162 116
237 976
20 549
674 838
579 509
449 704
209 479
844 855
548 544
146 672
73 896
384 853
707 65
674 138
639 877
826 305
612 450
425 504
225 958
185 371
511 612
80 194
868 59
854 498
801 230
144 687
329 741
165 375
114 289
811 461
170 479
632 734
85 160
969 981
217 24
471 919
312 772
683 791
385 968
841 912
515 622
40 910
189 51
373 790
264 374
969 567
112 32
5 705
371 184
255 423
684 877
352 654
304 609
548 133
164 245
610 5
923 352
418 958
642 264
944 544
909 798
468 434
344 576
555 902
719 187
847 118
502 45
466 47
324 145
36 237
920 440
185 956
119 844
581 55
709 2
505 540
949 563
419 332
205 355
452 140
516 821
946 983
650 323
614 16
871 899
693 431
94 948
457 739
149 285
636 861
659 608
347 156
755 11
42 674
251 313
411 635
897 324
55 628
518 116
302 771
929 107
474 184
903 122
445 777
285 891
751 305
907 909
947 744
643 739
551 474
403 346
299 733
946 528
360 989
472 183
382 670
184 363
192 822
566 684
381 938
711 54
63 339
81 817
810 261
619 927
567 663
235 918
383 22
554 782
918 359
187 747
813 627
670 952
31 970
365 664
667 210
409 198
636 757
657 408
788 412
895 24
316 275
652 149
283 602
642 415
355 468
112 520
679 920
97 420
742 276
381 263
389 710
945 692
231 785
144 275
236 937
897 561
310 83
647 176
336 698
944 441
284 954
195 241
12 489
23 54
881 978
733 785
736 59
457 526
746 140
392 394
270 620
401 771
402 604
940 220
636 629
664 38
391 549
110 73
682 950
521 460
464 459
502 695
122 280
716 345
76 248
591 683
831 120
212 520
527 339
582 986
38 132
207 791
834 63
686 964
485 367
807 848
178 906
182 962
469 720
800 630
239 750
189 123
82 528
142 307
344 988
40 213
277 520
408 857
615 638
412 525
131 79
739 290
83 454
785 190
535 14
44 555
575 793
362 130
793 836
940 749
596 127
231 932
714 462
608 837
420 373
442 141
903 264
742 304
34 467
987 443
514 41
608 820
756 244
629 866
650 569
671 909
879 750
989 378
525 397
171 743
7 117
292 964
267 200
729 933
54 48
113 596
63 653
337 12
873 82
275 181
505 822
436 880
826 56
99 534
393 899
51 859
103 690
474 94
38 631
648 647
43 207
767 7
768 224
643 908
698 353
57 95
123 234
243 716
777 199
915 81
754 155
170 504
947 800
179 330
731 649
604 697
660 763
240 364
501 379
800 14
782 146
18 71
629 191
23 314
705 903
613 566
652 650
890 141
691 340
550 41
844 334
757 987
5 748
320 210
781 379
127 247
936 508
19 576
540 230
304 582
175 333
123 628
966 200
325 208
515 928
923 135
783 186
140 171
35 327
456 272
477 166
850 448
724 89
706 956
780 411
853 699
642 468
594 957
666 478
300 816
505 662
822 725
356 604
55 62
292 860
888 636
629 213
760 156
580 399
28 886
233 252
144 347
201 286
747 262
921 53
906 675
689 49
543 170
536 546
380 740
189 729
756 127
884 72
380 859
474 272
437 140
537 246
334 169
725 857
580 60
638 974
34 72
308 713
12 663
566 234
994 829
320 852
462 531
177 929
968 948
786 86
388 245
815 686
302 855
907 531
270 241
643 889
660 953
700 894
845 323
521 149
498 878
464 290
284 469
525 353
325 751
930 451
971 309
562 970
355 88
568 71
592 189
186 802
207 636
743 670
686 429
48 783
568 54
695 999
904 984
706 476
815 226
230 902
363 227
326 501
809 989
278 264
191 789
107 230
696 457
715 487
454 73
19 604
922 791
64 51
141 145
451 857
1 518
701 953
903 541
541 720
909 140
748 500
107 4
453 16
678 459
956 233
297 572
909 466
241 923
314 793
387 719
63 678
652 65
87 122
672 911
514 126
399 736
220 67
187 138
79 136
63 567
615 74
263 49
452 126
126 109
970 767
774 455
645 965
614 134
500 866
266 230
413 885
896 337
401 917
932 695
846 469
8 817
182 432
237 546
309 437
627 4
993 528
977 491
542 861
500 512
360 499
362 545
110 195
703 810
281 573
247 382
464 480
569 451
73 780
720 177
973 161
540 580
557 546
941 899
618 528
13 708
105 274
937 432
938 155
516 347
243 749
521 477
705 813
49 769
624 699
87 533
74 137
971 63
331 554
139 865
252 954
574 379
575 518
745 955
982 524
483 365
550 448
434 788
297 382
852 232
596 969
879 785
370 771
277 469
226 319
524 890
546 798
505 364
748 472
895 27
36 44
569 492
844 971
477 238
721 134
353 928
942 72
253 839
383 708
365 953
6 543
634 642
600 270
675 476
771 143
66 469
634 757
504 274
379 654
327 870
272 488
809 512
388 762
923 651
48 79
175 814
716 918
932 683
530 974
414 189
213 461
200 233
113 568
119 971
801 959
930 973
413 123
806 754
21 939
121 986
450 224
432 603
161 115
199 479
947 553
731 398
82 843
898 779
223 378
152 665
891 465
117 916
852 729
321 151
618 903
630 594
248 844
117 694
691 379
621 6
469 361
221 664
784 582
160 352
490 683
878 638
681 194
312 539
39 920
408 858
170 601
64 204
317 790
49 664
412 526
382 996
579 552
884 622
939 807
842 433
674 47
71 801
127 48
398 760
611 895
351 696
876 265
291 133
348 978
206 304
707 780
282 448
608 900
152 313
72 820
783 892
63 913
581 125
12 168
442 870
272 325
497 801
112 644
186 151
353 686
742 384
395 385
917 12
957 795
686 331
266 190
493 495
366 775
594 26
560 150
816 96
798 144
552 570
57 380
59 730
686 549
12 748
676 603
493 273
95 621
752 844
159 764
151 132
146 717
863 616
167 33
795 728
890 726
816 733
378 418
711 548
512 230
968 1000
570 804
743 919
377 618
985 363
363 587
699 761
577 776
137 240
383 938
470 348
817 281
406 564
578 29
252 800
265 660
179 506
18 68
860 963
12 637
683 954
759 207
28 237
640 535
844 335
249 228
776 247
715 44
874 646
602 681
308 572
383 88
23 27
427 987
340 397
123 631
235 81
923 134
136 628
412 897
804 387
733 355
917 620
330 310
97 1
69 974
134 966
93 117
228 716
447 546
358 123
585 133
674 469
323 865
16 791
869 886
314 100
520 647
582 325
423 111
567 51
957 831
944 66
362 699
391 846
733 969
555 489
350 759
232 210
916 462
622 571
686 688
911 341
570 841
475 647
960 869
635 933
601 629
771 194
929 62
472 959
380 280
535 830
96 847
375 232
570 939
226 869
63 362
275 499
768 410
40 993
208 695
482 74
925 716
263 997
696 236
825 456
476 620
540 37
942 625
624 894
624 171
113 511
296 169
728 172
231 299
123 674
269 74
211 199
304 611
486 895
17 130
588 767
631 699
706 622
671 512
339 107
856 191
620 168
605 284
93 40
495 628
260 689
219 638
954 391
206 360
608 782
789 311
665 249
421 851
888 494
300 164
432 116
739 938
628 496
59 951
842 193
979 774
395 457
522 436
293 673
452 285
980 589
954 59
573 787
307 655
297 197
197 751
509 717
220 640
792 1
276 146
407 441
546 240
413 7
677 842
973 207
467 658
579 104
392 286
375 213
910 704
52 232
608 424
510 856
494 189
646 206
830 315
333 705
315 858
686 831
682 242
502 843
824 95
678 846
420 554
701 423
556 622
730 137
400 438
769 979
369 791
740 354
388 415
247 850
549 836
127 424
511 969
402 367
330 707
285 674
70 952
312 512
982 525
115 107
640 846
638 190
790 432
98 384
412 602
253 612
54 639
679 692
97 216
889 100
724 817
715 736
940 523
795 264
335 243
541 804
718 374
433 79
642 413
19 966
991 900
391 210
193 847
678 278
434 627
367 307
349 324
922 300
372 155
854 803
158 890
380 702
362 977
950 246
78 45
120 227
737 340
426 453
723 297
745 161
391 769
910 787
380 924
896 173
789 926
348 418
612 727
647 80
896 92
38 585
20 204
153 324
781 943
200 456
755 150
632 459
688 365
7 983
618 738
233 640
776 756
104 243
234 890
398 99
330 637
497 484
463 699
941 887
639 818
929 855
750 249
627 622
388 492
743 848
283 222
636 224
606 472
903 928
151 863
541 339
782 39
967 25
80 569
243 919
892 568
383 167
666 695
403 967
795 89
579 702
106 600
731 875
620 97
272 9
292 68
40 501
813 742
404 389
120 835
482 950
430 206
611 11
386 176
614 402
316 305
535 238
261 693
338 40
157 612
672 968
656 77
549 414
664 584
572 379
757 347
975 404
817 94
712 884
648 753
751 445
845 904
665 309
167 668
614 79
779 486
506 792
271 642
737 368
243 251
559 939
547 915
16 601
863 949
917 237
651 945
245 826
449 761
863 986
575 911
497 213
594 317
342 407
858 198
87 152
8 695
193 389
985 761
587 541
91 842
934 258
596 805
462 983
330 657
21 988
151 925
973 933
599 259
160 48
608 478
834 176
856 360
428 961
161 602
648 613
18 69
146 142
593 575
62 266
853 5
948 303
218 524
458 31
666 536
191 755
17 631
137 757
205 901
682 270
566 948
535 447
683 744
814 370
981 387
982 932
687 337
260 285
196 732
417 665
400 969
153 135
997 526
546 694
943 936
379 875
72 225
500 921
27 539
11 958
784 254
235 412
275 811
738 621
245 587
693 551
792 361
573 669
813 142
876 818
845 829
82 299
272 735
490 99
849 203
650 396
986 477
197 667
612 382
134 132
392 355
138 843
803 631
706 770
972 870
898 833
170 184
502 765
599 193
426 779
860 648
271 90
864 726
13 559
843 864
916 668
956 577
548 907
117 587
632 737
669 932
19 275
807 794
556 538
686 142
714 622
109 872
717 617
904 986
563 383
981 212
506 180
14 389
878 567
300 609
410 33
835 768
549 18
202 399
902 603
743 348
286 551
343 946
291 207
943 261
525 122
126 177
461 660
10 572
942 157
943 588
802 560
286 449
325 357
831 687
623 493
858 715
571 226
275 545
404 251
617 864
779 465
791 689
236 870
224 870
492 996
723 268
621 809
894 487
822 64
200 207
168 877
703 711
975 610
228 805
177 737
453 884
994 876
247 376
414 865
570 251
220 560
225 878
708 781
937 549
924 805
686 828
29 199
631 475
506 276
52 152
165 391
185 313
486 498
434 488
289 491
347 605
9 441
61 839
726 91
308 288
91 592
455 467
169 254
408 930
406 765
590 964
597 230
501 305
545 779
605 699
626 374
458 196
504 634
726 805
583 100
199 863
511 89
277 753
114 949
300 694
198 29
183 747
477 970
444 245
373 9
309 817
308 868
257 926
993 404
597 794
780 462
490 486
967 346
956 982
311 244
97 72
745 612
181 145
552 4
171 990
357 999
395 22
270 934
783 468
439 193
866 623
206 244
758 545
923 540
873 345
175 699
90 597
328 66
550 797
292 997
741 722
162 473
488 336
629 941
243 30
137 653
516 955
920 36
318 351
424 846
243 316
25 625
561 871
377 882
660 97
124 9
252 54
180 267
534 562
902 182
765 368
877 854
34 848
164 775
471 645
129 588
114 386
705 749
312 993
518 369
260 385
801 163
752 415
147 785
714 599
146 171
717 6
8 216
320 346
981 27
108 969
821 962
861 565
662 590
442 446
653 89
75 881
122 444
250 233
63 404
752 91
809 164
391 267
472 82
766 588
729 502
956 60
26 41
120 836
580 709
880 846
106 317
885 243
508 554
608 856
420 368
763 776
250 685
997 715
681 350
124 728
894 428
197 900
271 653
771 589
441 178
738 680
78 185
135 466
673 17
238 431
506 904
158 113
107 923
751 146
828 921
82 727
907 266
711 768
983 127
587 830
72 321
971 607
458 870
760 686
711 657
161 29
113 772
55 953
756 730
578 710
320 762
345 957
893 479
891 226
412 57
713 826
510 992
276 536
217 702
815 501
489 811
753 86
40 519
94 350
810 23
961 385
635 86
839 416
339 669
308 280
271 404
221 585
155 103
450 569
383 245
353 290
100 553
539 138
387 425
571 541
697 970
593 873
795 469
45 718
227 567
218 458
856 165
909 101
92 13
643 9
993 476
724 100
46 72
953 830
201 33
76 955
737 983
67 584
824 973
476 727
244 112
853 922
603 571
590 807
383 623
794 296
427 705
263 95
529 589
811 615
150 439
742 61
873 418
67 503
414 104
16 567
846 862
189 824
411 36
449 555
820 590
241 393
439 604
998 501
12 658
347 293
829 889
538 582
812 361
155 918
156 990
270 325
808 940
848 413
939 118
543 632
93 752
161 426
362 845
726 205
933 178
660 811
899 533
627 696
80 341
464 692
999 668
247 219
35 859
217 28
791 532
625 142
339 561
191 560
570 651
848 985
184 436
706 475
691 437
667 345
772 210
296 171
919 157
174 844
981 324
397 147
386 932
705 130
724 410
141 142
397 228
737 785
813 668
64 421
248 322
13 468
35 356
329 7
202 287
758 824
995 598
301 473
305 30
510 81
990 479
701 664
867 656
707 711
745 536
253 785
879 589
201 174
827 238
684 685
230 35
508 449
367 398
279 708
873 269
352 267
563 585
968 23
716 877
844 532
458 988
295 195
193 427
190 495
357 390
394 144
731 153
162 148
825 844
368 929
989 577
77 7
738 963
171 462
834 642
871 669
105 326
15 369
403 19
320 691
599 119
46 877
603 112
761 245
389 189
284 389
68 636
713 865
218 129
274 239
83 773
404 309
200 795
311 877
166 48
630 629
45 815
667 765
156 126
786 608
434 376
152 973
963 990
930 708
808 452
991 445
353 505
696 377
473 896
717 669
924 281
947 168
786 278
36 841
349 158
577 443
124 127
248 495
211 229
398 739
719 325
170 898
59 674
585 865
364 460
300 899
430 803
482 634
224 182
386 349
300 251
194 48
513 494
676 110
490 153
456 9
440 910
612 876
187 171
926 722
766 493
676 230
224 136
153 408
393 208
603 656
20 1000
172 360
650 355
160 763
214 418
417 140
439 72
516 932
721 958
974 408
78 205
688 1
643 688
448 545
877 563
966 780
972 713
241 337
294 421
78 380
206 689
726 440
425 197
730 823
582 828
731 18
214 255
324 619
163 687
294 135
77 781
118 500
781 655
87 468
289 261
228 284
795 543
561 721
377 572
397 279
327 90
354 212
248 847
631 57
128 719
84 300
583 954
758 985
757 963
350 43
62 511
382 920
194 700
575 551
136 716
389 742
504 774
123 620
827 618
624 102
107 681
883 691
224 372
813 740
981 939
672 748
505 269
767 109
145 684
845 723
681 370
165 673
370 693
318 928
317 614
607 748
676 51
36 210
320 405
554 659
715 243
559 742
415 912
306 731
471 247
977 278
998 236
565 519
822 414
769 2
971 96
76 596
778 208
905 303
67 427
894 316
508 239
704 744
669 410
795 798
54 342
940 339
617 234
808 945
845 458
938 316
242 97
207 977
464 427
1000 13
216 572
313 314
460 191
906 289
526 974
344 352
752 557
26 692
62 46
483 119
514 897
930 554
595 768
200 851
274 70
39 714
818 523
122 140
658 480
696 211
678 999
866 137
130 521
882 642
406 698
763 141
584 776
696 322
113 464
421 407
259 452
9 392
540 115
300 744
616 505
9 749
71 347
900 408
635 292
613 321
287 387
325 220
71 488
862 128
994 157
61 306
945 455
451 650
434 836
92 360
643 8
741 853
149 321
893 634
991 585
723 167
470 644
736 298
864 479
353 862
83 181
448 630
983 990
361 443
732 222
568 807
914 879
718 281
223 965
572 742
738 730
171 711
263 239
837 262
825 710
826 105
932 637
702 623
280 252
125 886
73 907
555 379
68 650
698 257
561 575
755 449
294 207
854 503
788 246
820 131
288 20
520 794
762 670
963 669
910 436
142 34
844 392
802 441
925 713
658 452
15 626
575 665
43 632
765 891
914 237
293 240
303 665
728 175
918 405
623 754
404 722
174 956
66 605
969 276
115 612
757 221
848 663
136 531
819 310
136 973
473 758
883 619
633 80
249 863
384 428
936 137
754 944
442 222
297 689
883 393
276 345
623 192
410 483
267 54
875 797
803 72
287 955
805 570
183 250
615 215
84 621
15 557
127 521
440 721
21 124
884 148
7 185
889 634
551 572
257 286
708 953
603 341
142 595
34 104
966 801
56 912
464 85
431 627
459 330
941 622
659 916
125 907
258 244
561 603
964 544
413 294
17 517
902 973
664 284
647 557
816 631
895 749
416 101
345 1
421 252
259 721
795 931
908 706
446 257
963 633
985 465
233 262
184 368
772 401
39 658
667 365
778 526
563 300
531 202
735 42
768 417
867 98
645 335
832 330
85 888
505 22
468 142
736 662
554 779
409 344
597 951
636 643
766 598
322 727
623 903
297 499
871 393
749 557
382 174
480 178
102 217
766 304
225 413
456 443
687 504
215 395
665 127
55 98
153 494
301 800
588 113
927 252
257 88
721 659
485 18
50 561
355 203
377 492
737 361
297 24
195 133
231 579
824 595
20 88
42 752
868 676
426 339
289 73
436 776
698 487
510 665
686 636
394 260
472 604
894 739
275 507
723 379
998 525
674 207
604 908
952 469
916 368
275 104
848 102
426 4
247 124
358 831
161 337
949 488
775 23
420 762
517 148
291 438
170 1
282 711
451 92
63 350
415 801
646 459
159 890
537 853
554 550
303 984
961 84
264 164
855 560
490 516
634 1000
896 212
460 600
317 161
728 248
415 724
400 179
743 947
267 859
814 490
407 912
527 899
767 270
179 817
724 663
607 209
421 724
705 329
600 33
400 737
770 775
331 555
426 977
905 744
177 129
340 331
897 648
737 969
16 702
444 505
326 1
746 809
841 123
662 123
775 824
231 816
144 372
698 839
609 96
115 235
576 279
428 494
125 414
586 912
419 267
936 442
902 340
23 661
157 387
547 7
175 974
327 983
293 835
704 634
464 255
997 939
564 706
305 481
584 433
845 231
57 492
119 454
30 77
613 236
806 560
210 668
281 874
452 644
275 132
755 432
556 787
73 201
562 848
414 601
18 158
425 160
122 794
375 444
786 619
730 221
640 717
750 152
146 122
554 399
4 108
479 386
49 845
71 52
39 602
908 537
527 193
506 159
821 548
520 17
728 212
287 509
243 390
331 489
938 659
434 778
701 912
351 523
210 653
766 622
487 123
490 429
272 971
681 476
654 440
921 365
947 385
16 109
72 490
495 973
496 607
62 980
671 846
514 151
440 984
331 821
336 601
633 149
676 717
724 836
743 104
603 573
894 236
651 713
371 113
453 164
708 336
324 89
254 798
408 20
45 289
376 904
111 992
168 884
632 185
561 195
690 553
397 473
161 221
34 69
241 399
494 75
851 518
786 571
769 271
225 839
813 949
284 40
671 416
765 325
492 431
113 806
603 135
161 424
129 650
78 599
597 493
873 909
506 366
17 681
401 266
757 759
796 437
450 889
514 866
74 701
877 673
117 761
423 526
29 435
964 882
363 329
240 28
458 175
424 467
867 73
209 791
695 133
348 594
274 333
518 1000
957 72
482 168
878 570
2 323
404 723
773 566
580 788
14 682
1 537
90 282
163 317
382 179
532 914
165 663
460 981
45 833
836 604
486 93
417 698
254 457
365 976
461 657
561 291
282 260
653 275
158 755
827 224
477 423
741 554
392 887
300 160
428 109
710 863
750 984
770 680
156 897
963 369
304 50
894 411
185 785
206 953
23 733
462 295
267 791
517 763
557 234
447 6
323 12
107 869
314 457
122 670
87 236
218 109
589 170
937 665
774 4
941 621
133 617
124 87
824 261
492 403
56 314
432 185
920 792
675 199
7 636
216 501
111 440
919 767
578 447
373 545
191 649
356 305
88 687
269 422
507 167
949 260
860 865
757 715
498 755
744 986
70 842
444 795
69 602
506 100
288 287
71 252
259 301
41 57
593 516
903 969
598 247
964 997
217 280
1 859
892 577
403 943
390 823
671 147
196 994
383 28
57 362
369 710
227 736
925 895
819 484
947 219
876 147
804 368
715 279
24 898
558 835
971 765
107 487
344 947
453 255
283 592
402 454
97 437
642 409
590 579
40 315
814 907
926 577
305 137
749 846
721 513
775 868
888 14
390 258
17 820
414 388
509 26
400 562
609 436
613 388
484 328
926 355
413 852
579 477
533 420
346 361
953 455
771 594
923 207
711 904
196 235
57 363
759 924
483 385
46 941
611 55
750 321
509 749
114 223
781 939
219 312
293 529
366 57
574 738
842 21
262 788
502 649
87 353
159 660
53 177
664 458
4 875
191 868
524 684
229 976
341 246
983 299
612 23
578 387
375 475
674 942
350 783
186 884
911 988
18 93
471 853
402 316
242 120
761 533
189 4
433 594
821 975
53 629
41 21
353 283
575 720
917 881
41 166
634 239
796 818
84 12
356 873
41 823
170 981
227 540
447 855
31 916
822 929
680 922
454 293
866 957
884 777
406 133
405 400
813 371
651 408
690 510
468 496
510 111
296 673
794 416
888 443
944 381
28 872
858 799
766 444
723 254
59 898
297 793
979 853
176 934
103 373
731 478
290 178
698 823
269 691
557 16
23 660
910 832
570 493
936 527
578 944
885 564
529 640
17 743
664 153
157 727
634 871
285 111
817 542
802 426
313 207
780 1
890 723
372 814
543 641
284 276
21 631
924 872
912 800
910 303
143 388
19 138
493 959
338 896
549 550
971 220
18 46
22 686
223 123
460 415
852 617
899 218
104 497
857 213
87 582
574 218
479 274
669 766
680 713
644 44
999 141
529 957
202 514
179 346
965 744
312 572
871 209
50 80
17 153
832 693
201 85
519 999
888 761
698 518
384 450
718 637
700 216
137 782
173 56
690 482
784 99
931 916
137 927
245 678
836 799
306 618
126 123
185 907
202 555
776 823
222 686
46 664
379 589
729 794
716 836
400 634
393 661
495 19
478 967
802 893
250 942
716 987
682 711
419 439
646 810
508 13
881 621
935 264
60 966
132 587
498 55
638 835
472 614
806 575
137 420
284 269
67 167
507 444
74 841
897 482
995 451
650 234
423 811
29 144
380 388
473 30
346 788
682 170
167 294
60 272
43 860
637 485
726 51
964 748
53 395
575 266
541 358
155 471
95 145
602 743
839 22
696 352
914 235
535 761
304 649
446 980
805 19
398 923
385 346
294 536
153 980
207 265
943 133
11 9
669 426
870 970
780 294
861 141
697 852
791 155
61 453
944 551
970 164
728 894
583 448
733 968
474 954
404 929
704 231
598 775
451 390
655 476
202 764
44 271
998 72
157 552
853 955
824 859
343 285
589 613
555 669
383 524
791 501
797 632
111 115
654 823
380 774
275 658
90 564
824 697
586 568
55 687
901 603
812 42
872 709
101 61
200 322
848 350
811 866
1 522
99 638
569 340
787 269
290 335
259 932
775 340
923 176
242 52
480 784
834 931
564 328
824 245
971 326
518 393
592 840
388 102
549 214
682 142
701 418
28 561
268 611
621 395
291 706
151 822
544 466
856 292
179 57
494 253
39 541
950 762
503 624
255 499
153 519
995 776
670 784
123 581
141 94
519 985
607 255
735 970
757 126
393 116
871 314
801 688
487 45
399 959
233 629
67 999
895 1
456 302
537 715
684 622
866 777
794 218
729 519
433 66
896 614
126 209
664 706
936 871
701 697
244 4
999 436
983 531
253 818
918 186
595 27
7 505
818 454
33 518
451 243
381 110
914 949
276 159
25 170
257 834
45 215
945 969
486 693
747 453
733 874
152 35
558 367
390 45
48 526
124 295
362 764
312 425
3 780
307 750
987 16
788 103
618 348
102 581
17 965
750 305
308 204
769 374
313 178
132 402
872 479
284 373
986 75
971 405
682 832
725 750
427 359
946 717
656 863
930 402
922 154
114 273
647 531
338 925
928 191
566 609
290 932
646 457
209 700
86 282
89 102
786 196
805 475
881 194
620 915
943 494
909 266
914 160
518 550
278 347
649 853
581 788
71 368
832 168
500 462
69 351
883 775
813 592
302 600
944 897
600 35
47 360
729 321
280 854
624 153
58 531
934 528
974 541
847 151
886 313
762 251
802 658
715 643
706 962
676 62
450 442
736 257
366 700
224 85
758 918
337 458
245 705
286 285
854 869
538 938
625 102
497 541
205 292
153 377
941 496
923 877
254 883
388 619
502 99
618 414
329 452
286 78
402 699
77 123
150 649
617 94
561 84
357 475
450 175
409 743
82 610
952 260
950 275
219 263
544 606
820 827
712 388
165 458
9 86
945 776
798 854
583 740
964 634
184 204
912 688
848 866
232 264
303 178
514 783
341 682
109 895
277 851
170 261
389 549
427 903
308 651
517 313
477 876
619 977
317 195
670 729
378 979
58 981
903 673
448 141
196 506
218 811
848 686
654 284
552 162
365 857
387 331
390 542
841 132
126 158
438 778
847 410
211 508
945 700
935 967
936 831
268 461
334 506
980 424
728 641
784 243
509 80
954 207
847 184
116 182
614 157
645 537
673 685
301 627
712 917
868 871
841 887
181 510
655 932
440 568
45 287
104 741
927 129
713 269
988 913
96 281
688 125
929 357
472 760
536 385
384 958
30 764
298 860
81 100
190 326
466 534
211 39
369 289
647 292
116 618
60 4
34 805
218 6
437 472
321 311
543 612
404 478
308 43
775 505
682 792
366 353
683 97
27 453
869 374
372 946
857 278
397 715
588 162
91 986
909 111
442 980
367 633
133 209
85 168
532 489
599 991
908 680
691 264
930 700
91 760
754 408
458 173
442 822
895 953
936 304
644 1
421 392
313 791
575 747
445 274
363 105
575 820
95 438
433 379
966 47
514 420
911 602
606 70
164 253
847 344
633 996
301 324
88 303
70 131
774 781
885 6
244 178
219 628
974 964
611 522
811 117
558 7
158 753
940 835
44 264
859 693
774 710
205 283
296 521
874 90
290 515
695 88
524 109
384 124
591 155
376 934
420 152
881 959
533 30
826 8
63 863
86 704
17 847
966 804
608 320
627 92
39 250
765 641
793 498
423 27
609 169
581 627
506 575
935 140
53 42
806 600
989 718
996 190
817 549
512 53
824 263
626 175
574 855
225 978
778 344
543 600
912 986
342 139
950 586
38 144
668 319
728 718
123 24
674 904
344 347
234 915
21 799
47 787
455 462
496 5
173 665
869 588
842 378
66 875
412 259
985 71
406 353
498 766
766 891
947 63
360 739
204 556
132 94
272 793
593 804
867 325
822 987
792 570
595 335
80 768
227 627
675 743
657 400
862 347
701 839
376 6
340 673
782 568
491 983
935 830
662 82
738 460
23 940
562 158
323 686
767 171
163 57
914 803
602 401
131 535
278 730
686 199
667 498
222 477
642 185
685 117
443 374
46 721
341 719
292 625
831 428
851 482
873 126
819 832
897 158
368 882
755 126
96 449
726 989
730 640
693 316
431 841
750 327
163 629
168 989
902 24
742 7
232 16
765 410
983 455
604 792
608 475
575 137
152 369
856 284
194 244
413 406
967 979
270 257
643 809
420 662
332 74
240 44
1000 420
971 357
294 10
62 54
212 647
982 103
309 328
899 593
863 416
118 377
985 227
85 96
359 577
859 860
810 309
19 334
966 912
152 813
744 839
84 296
812 768
965 754
624 898
424 60
856 395
624 11
519 876
447 849
286 721
362 379
992 926
205 927
101 734
463 27
946 206
522 289
322 937
804 485
794 522
791 233
463 392
338 488
766 339
412 858
415 21
152 205
864 311
718 406
629 249
296 675
758 919
282 378
358 33
758 54
42 814
94 412
231 642
141 662
571 33
667 754
90 933
863 802
935 657
974 73
63 810
689 495
713 481
971 709
698 23
111 62
578 545
461 155
543 365
12 747
142 526
349 870
78 348
225 824
742 967
247 319
836 264
251 824
397 964
513 827
544 607
431 677
547 580
622 136
602 909
473 407
225 768
217 922
4 984
904 198
85 467
574 425
839 270
566 578
866 424
848 867
722 836
502 36
967 106
922 537
897 633
764 181
445 412
230 914
430 304
37 114
347 934
477 875
978 976
10 974
28 283
931 602
797 411
145 465
165 926
296 67
776 333
524 731
869 870
321 688
53 873
58 581
148 594
780 316
182 482
365 856
760 454
207 85
840 638
692 711
89 942
457 178
216 525
560 621
779 717
106 235
362 225
884 926
10 405
618 542
230 56
488 935
159 244
434 565
552 336
366 968
862 589
457 179
779 427
745 605
33 717
217 863
219 166
861 363
989 342
149 159
542 990
564 818
730 550
858 531
91 480
996 421
30 29
381 375
113 761
426 278
778 67
135 322
11 368
983 30
932 968
384 814
114 229
756 660
216 621
935 130
967 522
750 494
649 327
133 62
265 78
358 875
271 192
164 836
203 822
39 388
281 11
123 127
195 666
269 447
489 889
151 959
298 145
198 510
899 937
167 433
815 261
892 408
308 761
769 889
205 641
352 953
981 222
322 557
560 912
311 841
919 152
960 343
45 523
562 695
66 550
875 324
749 291
827 569
519 807
247 238
249 1
981 304
984 460
487 11
839 822
747 322
311 377
923 379
980 120
636 746
784 931
128 647
861 139
883 623
473 332
23 794
481 199
697 327
602 857
881 34
917 762
684 539
352 84
940 685
7 262
174 269
162 749
95 120
376 201
145 906
258 683
711 199
875 686
328 955
36 500
367 506
774 334
685 929
278 537
997 927
928 890
983 220
395 351
901 601
704 677
120 428
104 849
289 863
551 905
919 933
208 191
778 103
542 212
358 565
39 74
42 314
94 160
621 726
659 329
627 381
151 765
479 144
688 471
967 895
976 466
904 271
815 571
561 680
321 131
708 553
412 126
929 844
646 483
71 181
672 170
449 231
335 357
709 998
265 725
963 522
252 579
350 48
353 508
243 896
541 505
211 533
692 891
969 730
753 883
169 386
335 309
942 263
518 858
387 484
80 882
794 119
529 51
51 783
861 894
940 233
184 688
405 264
481 114
861 442
916 802
732 973
162 670
269 730
970 825
222 586
775 720
15 879
699 474
438 98
258 284
173 217
893 768
50 422
285 358
15 525
793 179
872 660
417 135
751 132
399 275
493 404
516 929
833 799
745 842
483 386
391 655
146 590
38 576
204 344
77 38
911 596
726 445
449 647
730 816
413 484
351 296
206 549
912 936
512 18
470 110
274 189
579 218
587 711
418 398
117 924
719 378
525 42
61 869
173 875
201 610
143 323
570 733
205 811
985 162
877 148
588 969
535 690
296 217
552 144
498 739
136 354
446 515
360 704
89 262
130 320
169 510
905 562
635 287
448 163
13 53
752 81
273 328
93 11
323 506
463 26
175 406
869 601
295 749
409 90
249 795
586 186
880 979
76 796
663 274
413 405
692 724
927 393
683 10
59 903
701 588
926 307
908 362
950 213
759 863
870 476
711 984
897 72
604 595
367 50
522 375
635 706
785 787
401 742
438 283
118 390
850 827
65 778
354 689
190 315
760 359
588 474
293 562
111 287
593 116
77 859
596 957
632 494
461 508
744 232
268 880
518 344
494 380
281 799
468 671
35 980
859 326
734 598
441 737
649 4
189 323
483 122
229 578
878 337
829 275
665 818
26 544
388 463
173 847
691 302
428 952
587 449
109 893
271 402
682 471
233 910
230 915
109 782
990 937
377 430
520 228
304 639
892 714
640 781
36 910
476 341
847 326
443 900
800 451
602 979
144 39
1 418
952 766
495 600
867 493
969 93
533 580
331 856
941 159
597 589
671 842
250 600
15 386
813 485
82 113
118 595
249 672
983 981
286 383
235 405
976 653
391 916
615 174
158 949
875 709
987 271
608 88
111 895
444 878
980 648
379 575
569 611
347 29
884 300
579 342
103 632
217 569
548 475
767 721
626 935
642 896
613 187
134 236
228 896
681 904
214 350
587 976
609 588
741 71
797 469
824 365
553 849
881 332
384 734
406 799
835 175
103 943
825 133
132 251
977 834
373 585
906 462
703 618
490 791
308 420
146 459
147 990
78 714
209 617
281 509
503 331
640 685
347 743
612 185
632 855
265 696
142 214
810 132
739 54
899 836
687 830
784 631
929 626
434 176
108 31
889 571
202 212
330 993
386 783
50 480
69 388
71 835
26 329
122 510
53 844
149 653
921 476
981 416
947 368
896 750
474 790
71 600
917 648
476 168
171 858
840 411
187 672
25 433
884 378
390 651
837 50
305 97
417 559
132 982
172 471
859 695
327 885
278 687
31 429
328 956
112 851
3 644
903 105
644 893
301 919
237 537
733 948
760 782
271 938
780 587
506 970
217 533
54 352
475 989
169 666
206 863
967 616
7 833
714 220
302 947
366 33
29 47
655 783
387 307
848 127
811 5
472 867
894 938
437 683
69 804
325 714
986 148
455 59
940 288
762 703
209 298
946 518
472 684
643 634
865 702
960 662
908 590
467 390
436 395
54 970
593 632
112 70
221 316
818 814
344 153
531 431
952 600
904 630
95 404
444 140
67 859
838 452
949 121
790 315
719 323
922 995
500 139
892 865
16 26
19 865
922 18
837 133
494 350
404 832
941 231
232 711
653 307
585 69
73 441
609 95
537 490
393 546
339 474
436 576
936 904
11 76
182 23
257 460
741 300
153 275
724 606
855 308
366 371
125 215
586 603
663 973
101 94
618 456
565 719
397 845
418 296
556 6
694 482
600 962
485 320
214 134
604 794
787 298
534 565
582 278
77 950
66 393
319 969
111 363
574 881
100 248
657 635
587 710
894 966
237 65
76 65
39 335
441 708
541 9
70 611
458 257
169 178
812 988
528 775
726 126
393 442
749 55
622 965
666 925
44 985
283 71
892 449
150 373
951 908
878 660
833 21
688 816
490 656
937 87
131 542
49 663
602 589
587 147
473 535
993 344
795 462
91 200
600 38
675 564
239 733
40 509
295 799
687 325
127 735
362 136
810 171
845 717
24 529
421 561
794 61
615 935
413 609
749 925
538 6
462 502
46 273
125 296
253 211
310 410
168 639
520 660
650 559
524 584
604 394
50 639
970 572
20 795
544 675
997 837
210 377
229 427
46 755
750 519
567 87
492 787
849 342
299 181
617 946
779 111
186 353
793 319
741 465
356 520
297 112
506 514
307 719
324 663
732 308
592 655
739 752
907 656
531 732
597 391
897 410
612 465
260 334
377 896
989 933
635 769
345 758
930 437
623 401
165 297
706 95
579 983
838 576
415 913
496 464
708 34
777 312
338 634
765 79
957 63
351 848
814 408
373 936
176 671
567 672
112 142
679 534
611 164
574 312
942 316
49 691
411 308
162 882
808 160
737 782
689 730
896 771
913 859
559 878
643 14
865 162
439 499
206 490
423 417
966 480
711 432
662 937
679 965
331 859
426 833
941 158
358 112
270 695
112 586
332 667
775 795
633 152
392 832
680 803
654 684
694 361
840 895
956 428
764 741
879 276
183 285
115 123
814 673
158 965
977 125
785 877
181 364
879 389
238 375
241 561
37 968
828 965
371 914
262 39
790 349
266 42
506 951
882 314
150 680
488 101
309 121
845 23
773 458
223 391
927 923
664 28
139 61
267 605
114 518
952 291
129 540
230 404
474 875
744 197
962 132
726 341
378 463
108 596
734 928
649 470
264 948
321 165
123 113
948 70
472 823
240 307
520 325
648 794
702 173
649 39
156 17
470 369
330 780
938 975
320 362
809 309
342 959
38 420
430 338
964 910
58 773
886 43
896 961
168 108
900 293
334 537
653 987
545 562
783 616
64 444
365 815
620 161
179 925
456 310
723 216
631 547
671 664
249 865
490 29
77 3
352 86
941 130
291 361
763 856
267 479
783 959
537 269
993 211
222 767
357 860
598 906
346 925
435 850
684 315
315 312
116 537
135 109
486 259
162 461
770 268
205 489
102 883
452 262
789 897
242 878
480 583
17 844
823 678
96 407
698 444
238 109
241 319
367 843
997 192
802 494
96 757
525 504
150 918
872 118
1000 75
105 617
488 383
364 722
130 822
534 776
276 616
960 969
337 526
502 832
783 27
290 924
345 6
960 632
208 765
908 760
467 536
817 858
730 158
400 431
271 420
921 835
353 385
925 679
13 813
679 504
23 372
354 45
787 126
387 384
770 539
791 883
136 727
355 429
601 389
740 984
399 955
553 187
522 753
689 939
949 525
658 998
22 1
704 168
275 871
439 168
765 981
941 230
942 193
771 955
595 31
941 119
724 889
214 731
250 768
162 382
950 207
509 21
168 531
154 970
945 973
584 155
231 744
174 658
668 811
376 965
608 240
602 329
278 604
849 250
634 844
108 879
16 645
551 943
459 415
480 978
725 904
483 277
489 644
695 460
73 837
826 269
158 998
459 364
401 427
735 432
333 668
346 334
449 423
268 989
614 311
440 158
189 317
394 755
514 653
717 967
632 801
959 926
746 130
484 638
160 412
933 831
927 875
244 642
264 170
563 270
490 526
40 817
429 923
27 93
874 680
136 376
274 654
921 633
464 210
635 273
191 855
175 178
952 629
420 11
307 451
701 902
723 946
192 186
157 936
411 472
984 390
178 453
645 591
27 744
447 931
620 233
72 943
970 968
538 148
222 917
462 164
870 865
62 802
763 659
676 58
502 118
680 189
516 579
165 908
804 198
107 853
67 370
343 449
915 704
254 228
832 566
927 169
732 23
474 259
592 610
664 879
319 131
313 240
530 808
127 300
567 455
974 511
812 494
157 191
272 891
369 313
976 239
629 683
741 33
445 612
472 574
642 732
699 533
388 772
385 734
281 797
334 700
128 365
695 758
754 142
57 838
132 144
479 123
194 505
666 847
207 621
407 383
885 105
428 954
89 70
91 656
421 15
406 701
208 596
890 144
307 424
398 785
271 534
791 842
944 835
728 218
550 439
917 912
496 302
313 872
481 478
639 190
445 379
598 419
14 720
878 915
614 597
349 112
921 375
996 925
942 31
945 329
432 356
605 191
516 400
365 998
439 99
889 148
563 855
488 539
965 23
90 755
948 795
116 3
103 263
641 274
453 468
594 210
461 969
18 362
690 705
802 775
140 738
423 269
758 656
160 715
784 405
242 843
974 424
703 682
25 791
335 758
393 859
358 79
916 97
111 95
205 38
816 917
393 932
820 965
716 694
20 141
648 686
797 467
798 916
474 168
590 682
186 612
6 315
636 492
928 285
88 554
582 910
656 455
942 818
377 524
618 946
838 899
839 350
470 263
646 506
516 534
726 52
749 109
17 316
967 771
255 740
972 204
242 497
744 883
891 996
839 124
970 509
437 920
47 89
123 719
235 777
899 840
465 780
445 302
1000 955
69 386
948 443
877 491
473 989
44 236
51 383
226 191
889 485
653 986
415 315
163 338
71 453
538 298
705 267
211 190
1000 857
50 192
123 922
508 644
163 291
382 181
990 308
280 581
117 168
796 533
965 122
634 537
624 308
736 350
917 263
650 898
742 356
671 808
49 9
693 864
380 573
822 652
148 427
433 332
867 745
390 280
211 269
908 349
103 299
452 97
162 412
475 128
611 748
336 714
723 422
928 782
220 372
865 749
560 249
667 703
10 150
998 175
211 619
485 72
358 718
556 141
744 501
285 417
989 601
519 168
484 7
409 749
717 111
176 32
432 569
532 196
453 925
336 165
196 163
281 804
928 313
696 965
751 801
165 398
57 781
740 54
389 822
561 685
892 217
532 282
368 357
973 440
756 824
385 122
320 472
377 665
660 582
229 26
265 730
673 309
661 860
633 569
407 20
778 920
531 320
210 259
757 899
347 995
194 924
316 82
156 651
359 396
397 175
843 323
60 111
957 471
49 762
468 260
568 682
698 729
184 691
452 324
97 214
775 559
126 331
761 363
280 673
387 647
960 195
947 511
898 9
516 616
118 622
448 518
603 970
431 931
875 766
876 589
771 971
160 644
585 421
571 118
989 411
99 921
284 573
253 384
881 607
977 460
280 140
119 507
45 500
265 1000
333 445
859 32
151 432
940 359
851 708
85 552
603 39
324 716
769 329
354 539
617 135
398 524
461 355
906 309
118 780
329 728
609 852
521 218
338 918
815 472
872 226
800 911
764 432
697 505
140 166
807 836
677 464
905 196
502 988
651 850
454 851
772 124
688 675
446 695
801 388
507 935
953 59
239 904
536 599
903 811
814 386
175 204
17 38
771 333
147 615
973 783
626 182
13 50
519 872
733 276
40 511
295 793
576 209
960 176
840 469
748 326
487 306
418 791
699 394
112 544
990 415
813 510
154 781
418 902
918 859
405 124
483 709
637 316
565 527
436 725
258 48
279 885
673 998
953 342
128 664
179 561
756 269
573 849
869 234
911 469
769 292
613 21
975 978
65 519
855 56
747 851
90 114
915 895
630 570
630 888
7 557
697 59
627 310
954 586
248 996
434 470
622 127
454 925
4 964
646 287
156 47
562 986
7 723
446 369
229 591
602 491
804 867
414 723
748 593
919 402
389 111
43 647
302 400
791 948
694 741
866 279
478 49
212 684
744 679
986 620
38 265
477 871
929 780
62 387
144 892
787 994
425 869
409 360
377 28
998 984
288 571
889 441
378 702
605 269
141 585
357 869
559 428
374 546
158 527
340 374
16 100
788 898
625 544
443 103
63 694
580 620
980 326
106 215
489 229
642 91
662 30
322 651
851 211
304 190
286 354
145 930
493 763
107 427
34 378
306 759
401 933
219 186
930 686
314 218
188 759
651 233
928 850
11 150
953 257
668 876
320 898
941 352
873 58
565 660
802 230
579 902
520 398
263 389
466 531
931 423
492 535
735 44
529 763
466 674
733 736
366 507
739 639
761 923
671 243
194 56
734 934
312 51
464 286
7 678
393 278
160 231
679 240
904 230
961 459
374 160
892 293
54 19
53 405
152 860
263 632
660 530
40 891
667 310
939 557
8 153
291 568
190 737
88 103
568 433
791 873
61 140
108 169
24 830
222 161
781 228
49 801
150 731
331 539
4 387
466 510
875 102
378 722
126 300
73 160
787 732
420 467
947 482
20 22
136 889
15 791
287 18
568 860
680 374
468 630
292 676
793 274
452 98
642 174
326 591
465 489
727 497
145 799
276 71
208 405
393 956
318 734
105 19
158 39
698 500
426 359
232 170
506 969
848 340
280 288
7 855
